[?25l[0m [38;2;0;0;0m                                                                   [0m
 [38;2;0;0;0m                                                                   [0m
 [38;2;0;0;0m                                                                   [0m
 [38;2;0;0;0m                                                                   [0m
 [38;2;0;0;0m                                                                   [0m
 [38;2;0;0;0m                                                                   [0m
 [38;2;0;0;0m                                                                   [0m
 [38;2;0;0;0m                                                                   [0m
 [38;2;0;0;0m                               [0m  [38;2;15;3;4m                                  [0m
 [38;2;0;0;0m            [0m  [38;2;86;54;55m▁[38;2;179;135;129m▁[38;2;233;187;175m▁[38;2;196;152;144m▂[38;2;234;186;171m▂[38;2;199;156;143m▃[38;2;230;183;166m▃[38;2;247;197;179m▃[38;2;229;182;165m▄[38;2;244;194;176m▄[38;2;227;178;163m▅[38;2;241;191;173m▅[38;2;248;197;178m▅[38;2;238;188;171m▆[38;2;246;196;178m▆[38;2;236;186;169m▇[38;2;245;193;175;48;2;44;19;18m▇[38;2;247;197;178;48;2;129;93;88m▇[38;2;246;198;178;48;2;182;139;134m▇[0m[38;2;233;185;168m▇[38;2;242;192;175m▅[38;2;224;177;161m▄[38;2;233;184;169m▂[38;2;134;100;95m▁[0m [38;2;0;0;0m                            [0m
 [38;2;0;0;0m         [0m [38;2;213;140;123m▆[38;2;224;159;141m▇[38;2;229;168;151;48;2;119;85;80m▇[38;2;194;131;121;48;2;236;188;173m▂[38;2;189;142;129;48;2;247;196;178m▁[38;2;247;197;177;48;2;248;200;183m▇[38;2;248;197;177;48;2;245;198;178m▇[48;2;247;198;176m▇[38;2;250;196;177;48;2;248;197;177m▃[38;2;247;197;177m┊[38;2;247;197;179;48;2;247;197;177m┗[38;2;247;198;176m╺[38;2;248;197;177;48;2;249;197;178m▉[38;2;249;196;178;48;2;248;197;177m▏[38;2;248;197;175m╸[38;2;249;197;177m▎[38;2;248;197;177;48;2;247;197;177m▃▆[38;2;250;197;177;48;2;248;197;177m━[38;2;250;196;177m╸[38;2;248;197;177;48;2;247;197;177m▃▃[38;2;250;197;177;48;2;248;197;177m╺   [38;2;249;198;179;48;2;248;197;178m┗[38;2;250;199;181;48;2;247;196;177m┊[38;2;240;192;173;48;2;63;43;42m▇[0m[38;2;227;180;163m▆[38;2;237;188;172m▄[38;2;208;163;149m▃[38;2;187;146;135m▁[0m [38;2;0;0;0m                       [0m
 [38;2;0;0;0m         [0m [38;2;127;82;86;48;2;193;135;140m▏[38;2;152;97;108;48;2;225;156;153m╾[38;2;188;131;134;48;2;220;150;140m╷[38;2;165;109;113;48;2;246;163;141m▂[38;2;241;161;137;48;2;178;119;103m▇[38;2;243;161;141;48;2;195;146;134m▆[38;2;185;125;110;48;2;237;169;149m╺[38;2;132;81;73;48;2;237;175;158m╴[38;2;209;153;135;48;2;231;178;160m╷[38;2;168;117;110;48;2;246;196;176m▁[38;2;249;197;177;48;2;248;197;177m╴         [38;2;248;197;177;48;2;248;197;176m▉[38;2;247;196;175m▁[38;2;246;196;182;48;2;248;197;177m▁[38;2;182;141;130m▁[38;2;110;87;83;48;2;246;196;177m▁[38;2;188;149;148;48;2;248;197;178m▂[38;2;185;141;137;48;2;248;198;178m▂[38;2;184;139;135;48;2;248;197;178m▂[38;2;122;77;80;48;2;246;195;177m▁[38;2;168;122;116;48;2;248;197;178m▁[38;2;248;197;177;48;2;247;196;177m┊[38;2;247;198;179;48;2;248;197;177m▁[38;2;248;197;177;48;2;248;198;179m╸[38;2;246;196;177;48;2;115;82;78m▇[0m[38;2;239;189;173m▆[38;2;219;173;158m▅[38;2;228;180;164m▃[38;2;164;126;118m▂[0m [38;2;0;0;0m                  [0m
 [38;2;0;0;0m        [0m [7m[38;2;206;164;177m▘[0m[38;2;229;185;202;48;2;210;160;177m▆[38;2;229;186;204;48;2;208;156;176m▅[38;2;227;185;201;48;2;204;153;175m▄[38;2;227;184;201;48;2;206;152;172m▃[38;2;209;159;177;48;2;151;96;100m▇[38;2;198;137;135;48;2;202;147;157m╵[38;2;166;112;118;48;2;214;150;153m╺[38;2;140;87;85;48;2;221;152;146m╴[38;2;172;121;131;48;2;243;160;139m▂[38;2;173;110;106;48;2;241;160;137m▁[38;2;245;163;140;48;2;186;134;123m▆[38;2;205;137;121;48;2;234;167;146m╺[38;2;174;123;114;48;2;245;180;160m╾[38;2;214;158;142;48;2;232;177;159m╷[38;2;167;112;104;48;2;243;193;173m▁[38;2;249;197;178;48;2;248;196;177m┊[48;2;248;197;177m  [38;2;248;197;177;48;2;242;192;173m┈[38;2;213;176;166;48;2;228;188;173m┌[38;2;165;130;127;48;2;242;210;197m━[38;2;253;245;248;48;2;218;182;179m┈[38;2;246;206;206;48;2;164;137;135m▆[38;2;247;201;201;48;2;158;143;142m▇[38;2;246;189;187;48;2;243;221;214m▆[38;2;246;189;188;48;2;245;208;208m▇[48;2;246;191;190m▇[38;2;245;189;188;48;2;247;194;190m▇[48;2;247;194;195m▇[48;2;201;151;153m▇[38;2;242;188;186;48;2;134;90;88m▇[38;2;243;188;187;48;2;182;136;131m▆[38;2;246;192;193;48;2;227;175;170m┈[38;2;147;104;102;48;2;240;189;178m╾[38;2;193;132;123;48;2;217;166;155m┯[38;2;174;113;104;48;2;227;162;146m▁[38;2;217;157;143;48;2;233;161;141m╵[38;2;240;162;142;48;2;206;160;146m▆[38;2;211;139;124;48;2;54;11;11m▉[0m [38;2;16;4;5m                 [0m
 [38;2;0;0;0m       [0m [7m[38;2;209;168;182m▘[0m[38;2;229;186;202;48;2;228;186;202m╴[38;2;228;186;202;48;2;228;187;200m▃[38;2;228;187;201;48;2;228;186;202m┹  [38;2;229;185;202m┛[38;2;228;186;202;48;2;229;186;203m▇[38;2;229;186;202;48;2;215;168;186m▇[38;2;227;185;201;48;2;204;154;172m▆[38;2;226;184;201;48;2;203;152;171m▅[38;2;214;168;186;48;2;168;116;129m▇[38;2;211;160;179;48;2;179;117;114m▆[38;2;174;122;133;48;2;209;149;152m╺[38;2;147;89;91;48;2;223;153;150m─[38;2;238;163;141;48;2;218;148;136m┈[38;2;147;97;102;48;2;240;159;137m▁[38;2;246;163;140;48;2;183;128;116m▆[38;2;230;161;142;48;2;162;111;104m▋[38;2;151;104;98;48;2;228;189;181m╸[38;2;235;197;198;48;2;183;153;143m▇[38;2;245;190;189;48;2;248;227;226m▆[38;2;246;190;189;48;2;245;190;189m┈[38;2;246;189;189;48;2;246;189;188m╸[38;2;246;189;188;48;2;247;191;189m▌[48;2;246;189;188m            [38;2;243;188;186;48;2;175;122;118m▇[38;2;141;89;84;48;2;207;154;153m╹[38;2;186;135;147;48;2;134;78;76m▇[0m[7m[38;2;166;115;130m▝[0m [38;2;0;0;0m                 [0m
 [38;2;0;0;0m      [0m [7m[38;2;216;174;189m▘[0m[38;2;227;187;200;48;2;228;186;201m▝[38;2;228;186;202;48;2;226;187;202m▄[38;2;227;187;202;48;2;228;186;202m▏       [38;2;228;186;202;48;2;229;187;204m▃[38;2;229;187;203;48;2;228;188;204m▇[48;2;228;187;203m┈[38;2;229;185;202;48;2;228;186;202m┊[38;2;228;185;202;48;2;205;156;173m▇[38;2;223;183;196;48;2;207;156;176m▅[38;2;124;92;98;48;2;213;166;183m▁[38;2;197;155;167;48;2;168;113;119m▆[38;2;200;147;146;48;2;229;178;176m╹[38;2;183;133;133;48;2;222;168;169m╺[38;2;247;190;190;48;2;241;185;184m╴[38;2;247;191;189;48;2;246;190;188m▁[38;2;246;190;189;48;2;243;188;186m┈[38;2;186;131;131;48;2;235;179;178m╱[38;2;247;190;189;48;2;247;191;189m▘[48;2;246;189;188m  [38;2;246;189;188;48;2;221;167;166m▉[38;2;138;86;85;48;2;234;178;177m▖[48;2;246;189;188m     [38;2;246;190;188;48;2;245;188;187m┊[38;2;143;91;90;48;2;213;159;158m┑[38;2;246;191;189;48;2;245;190;188m╴[38;2;246;189;188;48;2;246;190;188m▊[38;2;246;190;189;48;2;243;187;186m╴[38;2;172;121;123;48;2;230;175;177m╲[38;2;171;126;134;48;2;215;164;170m└[38;2;53;29;30;48;2;199;154;166m▝[0m[38;2;76;53;58m▁                [0m
 [38;2;0;0;0m     [0m [7m[38;2;216;175;188m▘[0m[38;2;228;186;202;48;2;229;186;202m▇[48;2;228;186;202m             [38;2;227;187;202;48;2;228;186;200m▉[38;2;99;178;212;48;2;120;91;105m▗[38;2;80;153;188;48;2;70;53;60m▇[38;2;191;147;153;48;2;76;128;160m▗[38;2;247;190;191;48;2;241;203;203m┈[38;2;124;86;89;48;2;211;182;183m╱[38;2;252;250;252;48;2;245;223;223m┈[38;2;251;248;247;48;2;246;193;194m▅[38;2;252;246;245;48;2;245;191;192m▄[38;2;235;197;197;48;2;149;105;107m▌[38;2;247;190;190;48;2;244;200;200m┈[38;2;248;235;235;48;2;246;192;189m▁[38;2;245;205;203;48;2;247;189;188m▁[38;2;242;196;194;48;2;246;190;188m▁[38;2;235;181;181;48;2;96;46;53m▉[38;2;67;10;18;48;2;234;180;179m▏[38;2;244;191;190;48;2;246;189;188m▁[38;2;243;193;191m▁[38;2;243;196;194m▁[38;2;243;205;202m▁[38;2;250;228;227;48;2;245;189;188m▁[38;2;252;251;249;48;2;246;192;191m▁[38;2;165;112;116;48;2;243;206;204m▝[38;2;127;82;84;48;2;244;205;204m▎[38;2;251;244;244;48;2;245;189;188m▄[38;2;248;238;237;48;2;245;190;188m▅[38;2;250;253;252;48;2;246;216;215m╴[38;2;92;58;59;48;2;223;193;192m╲[38;2;154;119;122;48;2;224;188;188m┕[38;2;81;53;59;48;2;211;165;179m▝[0m[38;2;85;63;70m▁               [0m
 [38;2;0;0;0m    [38;2;90;71;76m▁[38;2;77;55;62;48;2;223;181;196m▘[38;2;228;186;202;48;2;227;188;203m▄[38;2;227;188;204;48;2;228;186;202m▘           [38;2;232;187;204m▁[38;2;223;180;194m▁[38;2;220;176;188m▁[38;2;99;75;92;48;2;91;182;223m▌[38;2;74;180;223;48;2;66;144;181m▉[38;2;124;126;142;48;2;239;187;187m▍[38;2;237;183;182;48;2;152;102;104m▊[38;2;163;113;116;48;2;237;182;181m▏[38;2;247;189;188;48;2;246;189;188m▖[38;2;244;189;188;48;2;245;207;205m▇[38;2;245;193;191;48;2;251;248;245m▇[38;2;102;61;61;48;2;223;183;181m┃[38;2;246;194;192;48;2;252;247;248m▅[38;2;246;193;190;48;2;252;245;246m▄[38;2;245;194;191;48;2;252;250;247m▄[38;2;244;197;197;48;2;251;246;250m▄[38;2;228;204;204;48;2;105;60;64m▋[38;2;109;68;72;48;2;238;212;212m▎[38;2;245;194;193;48;2;250;237;240m▃[38;2;242;200;196;48;2;250;244;245m▄[38;2;244;197;193;48;2;251;246;245m▄[38;2;244;193;190;48;2;252;247;245m▄[38;2;243;196;193;48;2;251;251;251m▅[38;2;245;192;189;48;2;250;245;245m▅[38;2;246;192;192;48;2;253;247;246m▆[38;2;241;203;201;48;2;136;89;91m▝[38;2;245;193;189;48;2;246;215;214m▇[38;2;245;193;190;48;2;246;193;189m▄[38;2;243;195;190m▁[38;2;247;193;190;48;2;243;190;188m┈[38;2;157;109;109;48;2;223;171;172m┓[38;2;142;95;108;48;2;202;157;166m╻[38;2;90;60;67;48;2;225;183;198m▝[0m[38;2;85;62;69m▏              [0m
 [38;2;0;0;0m   [38;2;103;79;87m▁[38;2;105;78;86;48;2;225;186;199m▘[38;2;227;187;201;48;2;228;186;202m▘         [38;2;228;187;201m┈[38;2;181;147;156;48;2;215;176;189m╷[38;2;155;129;134;48;2;224;189;196m─[38;2;245;209;208;48;2;219;174;179m┈[38;2;245;190;189;48;2;174;130;137m▆[38;2;243;183;182;48;2;118;78;84m▇[38;2;235;172;172;48;2;122;79;84m▇[38;2;222;197;169;48;2;134;111;114m▗[38;2;211;186;148;48;2;81;113;132m▅[38;2;144;102;103;48;2;246;190;188m▏[38;2;87;35;35;48;2;207;154;154m╽[38;2;244;189;187;48;2;246;189;187m▋[38;2;247;189;188;48;2;246;190;187m▍[38;2;201;156;157;48;2;224;173;172m╷[38;2;130;95;95;48;2;246;193;193m▄[38;2;221;169;169;48;2;103;59;61m▝[38;2;47;13;18;48;2;218;172;171m─[38;2;25;1;1;48;2;227;182;180m─[38;2;72;44;44;48;2;235;191;189m╼[38;2;83;54;55;48;2;236;190;190m━[38;2;81;44;44;48;2;190;143;143m┻[38;2;111;72;74;48;2;182;136;136m━[38;2;232;190;192;48;2;239;195;194m╴[38;2;244;201;198;48;2;243;198;193m▅[38;2;245;201;198;48;2;244;198;194m▃[38;2;244;200;197;48;2;243;196;192m▄[38;2;243;197;197;48;2;234;188;186m┈[38;2;140;103;102;48;2;201;158;156m╹[38;2;197;155;154;48;2;113;73;72m▊[38;2;205;156;156;48;2;92;55;56m▅[38;2;158;117;116;48;2;202;161;159m▌[38;2;235;190;188;48;2;163;129;128m▆[38;2;240;194;192;48;2;130;97;96m▆[38;2;244;197;196;48;2;123;94;92m▆[38;2;143;96;97;48;2;208;162;162m┕[38;2;95;43;54;48;2;200;150;158m┃[38;2;213;162;183;48;2;226;183;201m▖[0m[7m[38;2;218;177;191m▝[0m [38;2;0;0;0m             [0m
 [38;2;0;0;0m  [38;2;134;103;113m▗[38;2;126;95;104;48;2;228;186;199m▘[38;2;229;187;201;48;2;228;186;202m╵[38;2;229;187;203m▘       [38;2;228;187;201m▁[38;2;175;144;150;48;2;214;174;186m▁[38;2;137;108;110;48;2;218;188;192m╸[38;2;194;142;143;48;2;235;197;197m▁[38;2;174;125;132;48;2;240;186;184m▃[38;2;156;101;104;48;2;228;175;179m╼[38;2;173;130;141;48;2;218;164;175m╸[38;2;222;180;195;48;2;185;116;120m▆[38;2;228;187;202;48;2;171;123;128m▆[38;2;76;29;34;48;2;194;156;153m┃[38;2;235;214;170;48;2;186;155;119m▉[38;2;152;110;102;48;2;241;186;185m▎[38;2;220;166;171;48;2;136;86;93m▎[38;2;245;191;190;48;2;245;189;188m╴[38;2;246;191;189;48;2;246;189;188m▅[38;2;245;193;190;48;2;246;191;189m▅[38;2;129;85;85;48;2;214;165;164m┌[38;2;190;142;141;48;2;139;93;92m▅[38;2;128;96;98;48;2;224;178;179m▁[38;2;54;29;30;48;2;225;187;187m▂[38;2;65;37;38;48;2;227;189;189m▃[38;2;217;175;175;48;2;104;68;68m▘[38;2;70;40;41;48;2;209;161;159m▃[38;2;79;47;46;48;2;205;158;156m▂[38;2;147;106;107;48;2;211;171;170m┒[38;2;245;210;206;48;2;244;206;201m▄[38;2;244;208;205;48;2;244;204;201m▅[38;2;244;207;204;48;2;243;204;201m▃[38;2;245;205;202;48;2;245;202;198m▅[38;2;246;202;200;48;2;239;196;194m╴[38;2;46;16;18;48;2;178;135;133m▂[38;2;67;35;37;48;2;205;159;156m▃[38;2;95;60;61;48;2;182;138;137m▄[38;2;89;55;55;48;2;214;173;174m▄[38;2;83;54;53;48;2;232;191;189m▃[38;2;100;73;73;48;2;232;193;191m▁[38;2;238;194;192;48;2;145;99;99m▋[38;2;90;38;48;48;2;208;156;164m┃[38;2;220;174;192;48;2;205;153;173m▝[38;2;228;186;202;48;2;227;184;201m┊[0m[7m[38;2;213;172;187m▝[0m [38;2;0;0;0m            [0m
  [38;2;169;140;147m▂[38;2;145;113;121;48;2;216;174;187m▏[38;2;227;187;201;48;2;228;186;202m▘        [38;2;227;187;204m╺[38;2;122;76;88;48;2;222;181;195m▗[38;2;143;100;107;48;2;200;163;169m▌[38;2;127;88;93;48;2;218;171;182m╸[38;2;220;178;192;48;2;149;104;108m▇[38;2;229;186;202;48;2;228;186;202m┈[38;2;229;186;203m▝[38;2;228;186;202;48;2;228;188;204m▅[38;2;228;187;203;48;2;229;187;204m▏[38;2;163;122;132;48;2;225;185;199m▗[38;2;215;171;187;48;2;126;86;94m▆[38;2;203;150;169;48;2;142;115;97m▆[38;2;143;96;102;48;2;208;153;162m▘[38;2;130;79;89;48;2;206;152;159m╿[38;2;132;82;86;48;2;210;157;159m┓[38;2;245;192;189;48;2;245;191;189m┈[38;2;138;86;84;48;2;217;164;162m┍[38;2;118;71;72;48;2;211;152;153m▚[38;2;185;141;140;48;2;97;64;65m▚[38;2;203;160;159;48;2;74;45;44m▅[38;2;109;75;80;48;2;214;178;176m▗[38;2;188;152;153;48;2;40;28;66m▘[38;2;120;109;141;48;2;50;41;83m━[38;2;39;32;75;48;2;169;130;129m▆[38;2;78;45;50;48;2;187;146;143m▖[38;2;214;166;163;48;2;111;74;74m▅[38;2;151;113;112;48;2;209;169;167m╲[38;2;245;215;212;48;2;233;203;200m╴[38;2;244;214;210;48;2;243;211;207m▃[38;2;129;104;101;48;2;238;205;202m╺[38;2;212;162;161;48;2;111;76;74m▗[38;2;187;143;142;48;2;88;54;53m▇[38;2;31;24;65;48;2;180;141;138m▅[38;2;47;43;88;48;2;186;145;144m▇[38;2;34;31;77;48;2;156;118;118m▆[38;2;73;44;55;48;2;191;151;151m▖[38;2;191;153;154;48;2;97;63;64m▋[38;2;117;72;75;48;2;226;177;180m▉[38;2;98;50;58;48;2;213;163;172m┃[38;2;201;150;170;48;2;203;150;170m▉[38;2;228;183;200;48;2;209;157;177m▝[48;2;228;186;202m [0m[7m[38;2;199;160;174m▝[0m [38;2;0;0;0m           [0m
[7m[38;2;101;81;84m▋[0m[38;2;245;243;244;48;2;162;147;148m▇[38;2;180;166;169;48;2;237;230;232m╵[38;2;178;161;163;48;2;221;204;208m╺[38;2;132;103;109;48;2;231;208;215m╾[38;2;192;164;172;48;2;212;176;188m╻[38;2;145;109;121;48;2;227;185;200m▁[38;2;231;188;204;48;2;228;186;202m▁     [38;2;228;187;201m▝[48;2;221;179;193m╴[38;2;229;186;201;48;2;226;183;199m╴[38;2;228;186;202;48;2;229;187;206m▅[48;2;226;187;202m▅▅[38;2;227;186;202;48;2;228;186;202m▏ [38;2;228;188;203;48;2;220;179;194m┊[38;2;154;115;125;48;2;208;165;179m╹[38;2;222;176;194;48;2;206;157;176m▍[38;2;202;150;170;48;2;205;151;171m▅[38;2;203;150;170;48;2;201;148;165m╴[38;2;216;164;170;48;2;201;150;159m┊[38;2;126;71;84;48;2;183;125;134m╿[38;2;223;147;147;48;2;210;143;146m┈[38;2;146;88;93;48;2;229;168;166m▍[38;2;231;178;177;48;2;144;97;100m▉[38;2;62;29;30;48;2;157;116;114m▘[38;2;209;166;165;48;2;216;168;165m╴[38;2;194;152;150;48;2;50;42;60m▍[38;2;181;219;239;48;2;38;115;184m▁[38;2;48;142;209;48;2;2;34;105m▇[38;2;41;132;199;48;2;3;19;95m▇[38;2;47;39;58;48;2;201;155;154m▋[38;2;219;168;163;48;2;218;169;165m▍[38;2;218;169;165;48;2;219;170;166m▅[38;2;193;147;147;48;2;214;166;164m╵[38;2;206;162;161;48;2;229;190;186m╾[38;2;192;153;148;48;2;210;169;166m╴[38;2;219;171;165;48;2;219;169;164m╴[38;2;216;167;164;48;2;47;30;41m▍[38;2;59;145;204;48;2;12;49;121m▆[38;2;53;146;212;48;2;6;52;119m▇[38;2;47;140;208;48;2;6;42;113m▇[38;2;53;55;78;48;2;211;164;160m▋[38;2;110;67;68;48;2;198;150;150m╿[38;2;234;187;186;48;2;100;46;53m▋[38;2;131;84;94;48;2;202;152;156m┕[38;2;204;151;171;48;2;202;150;170m▂[38;2;202;150;170;48;2;203;150;170m┈[38;2;226;183;199;48;2;208;158;177m▝[48;2;228;186;201m [0m[7m[38;2;166;128;140m▝[0m [38;2;0;0;0m          [0m
 [7m[38;2;160;144;143m▆[38;2;222;215;214m▃[0m[38;2;140;123;127;48;2;248;248;246m▁[38;2;252;252;253;48;2;253;252;252m┊[38;2;253;252;253;48;2;252;250;251m▇[38;2;250;251;251;48;2;164;146;150m▇[38;2;239;238;238;48;2;174;140;151m▆[38;2;156;129;138;48;2;229;209;215m╺[38;2;161;125;137;48;2;219;190;200m╴[38;2;173;142;151;48;2;228;186;201m▂[38;2;228;186;202m┈[48;2;228;186;202m         [38;2;112;70;80;48;2;201;158;172m╱[38;2;208;158;177;48;2;224;181;197m▗[38;2;202;150;170;48;2;203;151;171m┊[48;2;203;150;170m  [38;2;203;150;170;48;2;202;149;169m┈[38;2;156;104;111;48;2;201;148;160m▗[38;2;243;189;185;48;2;238;176;174m▇[38;2;125;71;77;48;2;208;152;154m┃[38;2;244;197;193;48;2;245;198;196m▊[38;2;125;82;80;48;2;204;158;158m╿[38;2;233;200;197;48;2;220;170;166m▂[38;2;216;168;163;48;2;222;176;170m┊[38;2;87;59;59;48;2;176;166;169m━[38;2;40;30;41;48;2;131;155;170m─[38;2;51;47;62;48;2;152;138;143m▝[38;2;210;165;159;48;2;147;110;108m▇[38;2;224;190;183;48;2;218;170;165m▁[38;2;224;191;184m▁[38;2;225;192;185;48;2;218;171;165m▁[38;2;228;198;192;48;2;219;171;166m▁[38;2;229;201;196m▁[38;2;231;201;194m▁[38;2;220;169;165;48;2;212;167;162m╴[38;2;91;62;64;48;2;195;182;184m━[38;2;38;32;39;48;2;135;158;170m─[38;2;75;46;49;48;2;151;148;158m━[38;2;143;107;101;48;2;225;183;175m▘[38;2;100;59;62;48;2;215;173;171m│[38;2;241;195;195;48;2;111;59;62m▋[38;2;230;173;174;48;2;140;91;99m▊[38;2;152;101;115;48;2;201;148;167m▏[38;2;205;150;170;48;2;203;151;170m▏[38;2;203;150;170;48;2;203;152;171m▅[38;2;225;179;195;48;2;206;155;174m▝[38;2;229;187;204;48;2;226;182;198m┊[0m[38;2;164;127;138m▃[38;2;88;78;78m▁         [0m
 [38;2;0;0;0m  [0m [7m[38;2;196;186;186m▆[38;2;222;215;217m▄[38;2;247;247;246m▃[0m[38;2;81;65;69;48;2;245;245;243m▁[38;2;253;253;252;48;2;252;252;251m┊[38;2;253;253;253;48;2;253;253;252m╷[48;2;250;249;249m╴[38;2;251;250;249;48;2;175;150;157m▆[38;2;195;182;187;48;2;231;214;220m╺[38;2;173;141;151;48;2;232;207;216m╾[38;2;195;180;185;48;2;222;181;196m▂[38;2;164;131;139;48;2;228;186;202m▁    [38;2;151;106;118;48;2;207;164;178m╺[38;2;171;129;141;48;2;220;176;192m▏[38;2;211;163;181;48;2;205;152;172m▏[48;2;203;150;170m    [38;2;112;61;74;48;2;195;143;149m┚[38;2;247;191;189;48;2;245;190;189m▄[38;2;238;175;175;48;2;146;87;90m▋[38;2;163;112;113;48;2;238;188;186m▏[38;2;239;190;189;48;2;168;121;124m▉[38;2;137;100;100;48;2;220;202;197m▖[38;2;244;226;220;48;2;244;220;212m▅[38;2;244;224;217;48;2;243;214;208m▄[38;2;243;224;217;48;2;242;214;205m▄[48;2;240;207;199m▇[38;2;242;228;225;48;2;238;212;205m▇[38;2;243;231;228;48;2;238;215;209m▇[38;2;243;232;229;48;2;239;219;213m▇[38;2;244;232;229;48;2;239;221;215m▇[38;2;196;181;180;48;2;244;232;229m▁[38;2;200;184;183;48;2;243;232;229m▁[38;2;243;230;226;48;2;241;224;217m▇[38;2;243;228;222;48;2;245;223;215m▄[38;2;242;224;216;48;2;244;215;207m▄[38;2;242;222;215;48;2;244;213;203m▄[38;2;244;220;213;48;2;236;210;203m┈[0m[7m[38;2;218;196;191m▃[0m[38;2;100;69;69;48;2;234;187;185m▌[38;2;124;67;69;48;2;206;154;153m┍[38;2;224;152;156;48;2;244;189;187m▎[38;2;116;75;80;48;2;194;139;148m╲[38;2;254;251;251;48;2;199;153;169m▁[38;2;249;244;245;48;2;191;141;159m▂[38;2;252;252;251;48;2;195;149;166m▂[38;2;129;87;100;48;2;226;197;208m─[38;2;140;103;111;48;2;226;208;212m▝[38;2;228;223;222;48;2;142;130;131m▇[0m[38;2;128;104;108m▖        [0m
 [38;2;0;0;0m      [0m [7m[38;2;168;158;160m▇[38;2;241;237;236m▆[38;2;229;223;224m▄[38;2;245;243;244m▃[0m[38;2;74;61;64;48;2;250;250;249m▂[38;2;203;192;194;48;2;253;253;253m▁[38;2;251;253;252m▁[38;2;252;251;251;48;2;175;158;161m▇[38;2;246;245;244;48;2;178;143;152m▆[38;2;190;166;174;48;2;231;215;221m┕[38;2;144;116;121;48;2;232;207;215m─[38;2;224;184;195;48;2;220;191;201m┈[38;2;140;99;111;48;2;199;161;173m╹[38;2;133;92;104;48;2;207;157;174m▁[38;2;184;134;152;48;2;203;150;170m▁[38;2;192;139;158m▁[38;2;193;141;159m▁[38;2;150;98;115;48;2;201;148;168m▁[38;2;103;56;64;48;2;190;138;146m╱[38;2;245;190;191;48;2;237;183;181m╴[38;2;247;190;187;48;2;247;191;189m▆[38;2;246;190;187;48;2;245;188;186m┈[38;2;101;49;52;48;2;205;150;150m╲[38;2;247;192;189;48;2;244;192;190m┈[38;2;73;36;41;48;2;228;178;178m▝[0m[7m[38;2;177;160;157m▆[38;2;207;192;187m▄[38;2;235;221;217m▃[0m[38;2;60;45;46;48;2;241;229;224m▂[38;2;70;44;48;48;2;241;230;227m▁[38;2;161;141;140;48;2;244;232;229m▁[38;2;199;185;188;48;2;244;232;230m▁[38;2;184;170;170;48;2;244;233;230m▁[38;2;120;95;97;48;2;240;229;225m▁[38;2;33;9;13;48;2;236;223;221m▁[0m[7m[38;2;241;229;226m▂[38;2;241;230;226m▃[38;2;229;217;212m▄[38;2;183;163;161m▅[38;2;92;71;72m▇[0m[38;2;164;120;120m▗[38;2;175;128;128;48;2;238;187;187m▏[38;2;79;37;42;48;2;187;130;132m╏[38;2;237;172;170;48;2;247;190;188m▏[38;2;246;190;187;48;2;236;181;178m┈[38;2;161;125;126;48;2;199;148;150m▘[38;2;215;147;148;48;2;123;104;107m▄[0m[7m[38;2;167;129;130m━[0m[38;2;220;162;165m▂[38;2;212;162;165m▁[38;2;97;63;66m▁[0m  [38;2;3;1;1m       [0m
 [38;2;0;0;0m            [7m[38;2;58;44;46m▇[38;2;168;159;158m▆[38;2;218;212;214m▅[38;2;238;235;235m▄[38;2;247;245;246m▃[0m[38;2;73;60;62;48;2;251;250;249m▂[38;2;65;42;44;48;2;250;248;247m▁[38;2;107;88;91;48;2;252;252;251m▁[38;2;131;113;115;48;2;246;244;244m▁[38;2;230;223;222;48;2;136;121;121m▇[38;2;225;203;203;48;2;122;106;107m▇[38;2;218;179;178;48;2;124;104;105m▇[38;2;243;187;186;48;2;145;97;104m▆[38;2;185;123;125;48;2;239;178;178m▁[38;2;201;134;137;48;2;234;175;175m╸[38;2;246;191;189;48;2;246;190;187m▁[38;2;117;87;87;48;2;239;185;182m▂[0m[38;2;218;167;167m▘[38;2;233;178;178m▝[38;2;134;82;82;48;2;237;179;179m▂[38;2;63;37;38;48;2;227;168;168m▝[0m[38;2;162;118;118m▂[0m [38;2;0;0;0m [0m  [7m[38;2;29;1;3m▇[0m  [38;2;0;0;0m    [0m [38;2;184;138;139m▄[38;2;230;172;171;48;2;170;130;129m▇[0m[7m[38;2;184;131;132m▗[0m [7m[38;2;209;159;157m▄[0m[38;2;84;59;58;48;2;237;183;181m▁[38;2;246;191;191;48;2;245;190;190m┈[38;2;189;139;138;48;2;223;169;168m╵[38;2;129;80;80;48;2;218;160;159m╴[38;2;173;117;117;48;2;223;160;161m▂[38;2;191;135;135;48;2;238;177;177m━[38;2;151;87;92;48;2;230;172;170m╴[38;2;222;163;164;48;2;162;121;123m▇[38;2;217;159;159;48;2;74;46;48m▇[0m[38;2;187;138;139m▇[7m[38;2;184;139;141m▂[0m[38;2;246;191;193m━[38;2;213;163;167m━[38;2;154;116;120m╸[0m  [0m
 [38;2;0;0;0m               [0m  [38;2;170;129;131m╶[38;2;216;168;170m╼[38;2;220;170;172m━[38;2;91;67;69;48;2;190;143;144m▄[38;2;46;16;16;48;2;213;165;165m╴[0m[7m[38;2;236;178;179m▂[38;2;229;174;174m▃[0m[38;2;59;34;35;48;2;218;162;163m╴[0m[7m[38;2;215;162;163m▁[38;2;227;174;174m▃[38;2;205;156;156m▆[0m [38;2;0;0;0m  [0m [7m[38;2;187;119;118m▆[38;2;191;126;126m▄[38;2;139;87;89m▃[0m[38;2;195;129;132m╾[38;2;97;60;63m╴[0m [38;2;0;0;0m    [38;2;183;144;144m╶[38;2;216;168;170m━[38;2;243;190;189;48;2;87;61;63m━[0m[7m[38;2;208;148;149m▂[38;2;199;135;134m▃[38;2;151;91;93m▆[0m [38;2;0;0;0m  [0m [7m[38;2;145;104;107m▆[38;2;205;154;154m▅[38;2;240;185;185m▅[38;2;211;158;158m▄[38;2;197;138;138m▄[38;2;209;144;147m▄[38;2;223;160;163m▄[38;2;233;171;173m▄[38;2;233;173;175m▄[38;2;208;156;158m▄[38;2;203;155;156m▅[38;2;159;122;123m▅[38;2;155;119;119m▆[0m  [0m
 [38;2;0;0;0m                 [0m  [7m[38;2;120;96;101m▆[38;2;195;162;166m▇[0m [38;2;103;78;82m▝[7m[38;2;211;164;166m▆[38;2;144;108;111m▇[0m [38;2;0;0;0m                                         [0m
 [38;2;0;0;0m                                                                   [0m
 [38;2;0;0;0m                                                                   [0m
 [38;2;0;0;0m                                                                   [0m
 [38;2;0;0;0m                                                                   [0m
[?25h